"time" "S" "E" "I_symp" "I_asymp" "R" "Cumulative" "Incidence_reported" "Incidence_non_reported" "Datum"
48 2374549 0 1 0 0 1 0 0 2020-02-17
49 2374538.73613212 9.30877778011661 0.830072115758429 0.881679168055753 0.243338814873008 11.2638678778894 0.0231806819230355 1.80206986319787 2020-02-18
50 2374528.15445295 17.2798224554816 0.709954002003428 3.08114985872297 0.77462073408637 21.8455470493063 0.0430301461146305 3.34517033535234 2020-02-19
51 2374515.41842843 25.8123218073462 0.629966333801363 6.30897888861809 1.8303045399429 34.5815715687349 0.0642777425398622 4.99696182752802 2020-02-20
52 2374498.90631268 36.2788816841179 0.585753764191369 10.605685370624 3.62336650656619 51.093687324319 0.0903415288996662 7.02316468367248 2020-02-21
53 2374476.84918606 49.9457280976226 0.57666511721507 16.2310311738376 6.39738954835207 73.1508139353245 0.124374656243099 9.66890536289858 2020-02-22
54 2374447.06572857 68.2317554738569 0.605162724071007 23.630559715353 10.4667935171417 102.934271428734 0.169910449905487 13.2088651332037 2020-02-23
55 2374406.71639907 92.9046678715661 0.676837208187533 33.4469437194758 16.2551521338099 143.283600931522 0.231350839601743 17.9852507038426 2020-02-24
56 2374352.03076958 126.267152742646 0.800843024074383 46.5621949031777 24.3390397536652 197.969230422284 0.314429968594432 24.4438352750616 2020-02-25
57 2374277.97512475 171.364546783796 0.990695950190177 64.1664966424835 35.5031358740376 272.024875249248 0.426731322383178 33.1741602038513 2020-02-26
58 2374177.83261294 232.235391231622 1.26544074331826 87.8545759062562 50.811979181293 372.167387060821 0.57831166051796 44.9580395613687 2020-02-27
59 2374042.66874981 314.221771975463 1.65124045326055 119.753837564855 71.7044001961655 507.331250187941 0.782473824331056 60.8296383277206 2020-02-28
60 2373860.65593118 424.35297792765 2.18345988171915 162.690086853464 100.1175441604 689.344068821054 1.05672212150611 82.1497441388174 2020-02-29
61 2373616.23110972 571.812580407471 2.90933438038327 220.398073095267 138.648902396925 933.768890278414 1.42392544532841 110.696188360058 2020-03-01
62 2373289.06648671 768.492428321919 3.89131001112842 297.783669196218 190.766105759815 1260.93351328745 1.91369683131145 148.771093035731 2020-03-02
63 2372852.84506048 1029.62519517524 5.21112346773714 401.24310453183 261.075516342648 1697.15493951598 2.56396862327953 199.323324548337 2020-03-03
64 2372273.8553181 1374.4680431333 6.97463738406371 539.04054852538 355.661452860104 2276.14468190121 3.4226949309398 266.080842938336 2020-03-04
65 2371509.45683947 1826.98070566979 9.31734933201552 721.737761211593 482.507344315444 3040.54316052748 4.5495401886287 353.681970727017 2020-03-05
66 2370506.52365339 2416.40089618601 12.410336229226 962.657342473382 652.007771723129 4043.47634661011 6.01731203560045 467.786785255773 2020-03-06
67 2369200.04747395 3177.56881228065 16.4661595884208 1278.34273229614 877.574821886729 5349.95252605015 7.9127693952871 615.139938895036 2020-03-07
68 2367512.17155145 4150.79799396225 21.743948180346 1688.95409525775 1176.33241115426 7037.8284485531 10.3363008869256 803.545658713515 2020-03-08
69 2365352.01907618 5381.04182499065 28.5524951218011 2218.50970884564 1569.87689485963 9197.98092381656 13.3998492504669 1041.70639094378 2020-03-09
70 2362616.74547939 6916.09015745741 37.2498321285444 2894.85337356876 2085.06115745344 11933.2545206072 17.2224205881783 1338.8736887172 2020-03-10
71 2359194.25149968 8803.5733058867 48.2374491556149 3749.20546262348 2754.73228265208 15355.7485003169 21.9226237225022 1704.26822056901 2020-03-11
72 2354967.88841336 11086.6864608595 61.947308844508 4815.1537633241 3618.32405361774 19582.1115866438 27.6080231476304 2146.25206721697 2020-03-12
73 2349823.24171109 13798.7897856472 78.820192647072 6126.97038004427 4722.17793057162 24726.7582889083 34.3616922113176 2671.28336379794 2020-03-13
74 2343656.68421101 16957.3710733675 99.2749154505491 7717.21870246756 6119.45109770497 30893.315788989 42.2271789474054 3282.74754132073 2020-03-14
75 2336384.89891158 20558.2183475576 123.669551443691 9613.73928511337 7869.47390430637 38165.1010884191 51.193994708624 3979.82921069484 2020-03-15
76 2327954.11491833 24570.9122219574 152.257849478351 11836.2617236199 10036.4532866169 46595.8850816707 61.1863892585997 4756.63953661539 2020-03-16
77 2318347.52809175 28936.7916728846 185.146065260704 14393.0489077067 12687.4852623957 56202.4719082457 72.0582851462028 5601.82243502725 2020-03-17
78 2307589.46229627 33570.2625610677 222.256787931439 17278.084996331 15889.9333583991 66960.5377037274 83.5965361814823 6498.80788755728 2020-03-18
79 2295745.28351463 38363.7371540863 263.306554707036 20469.3352603169 19708.3375162591 78804.7164853672 95.5332278150776 7426.76817494694 2020-03-19
80 2282916.88785551 43195.7091195143 307.802487472139 23928.4846792372 24201.115858273 91633.1121444949 107.565785454477 8362.18110072481 2020-03-20
81 2269234.44080785 47940.7809596227 355.060302938546 27602.3381102652 29417.379819323 105315.559192147 119.38194474259 9280.77118459519 2020-03-21
82 2254845.76266991 52480.016712595 404.242404159178 31425.781574533 35394.1966388099 119704.237330095 130.685531813717 10159.5138235971 2020-03-22
83 2239905.07778467 56710.0044987111 454.411184228757 35325.9261329261 42154.580399465 134644.922215329 141.219030810516 10978.3896944269 2020-03-23
84 2224562.75001658 60549.3950323008 504.590358474791 39226.8758911833 49706.3887014622 149987.249983419 150.779866060828 11721.6505324295 2020-03-24
85 2208957.19663806 63942.266820043 553.826364266604 43054.5012559426 58042.2089216934 165592.803361943 159.228782081284 12378.4705943977 2020-03-25
86 2193209.54164447 66858.4192305977 601.242424173959 46740.6418339272 67140.1548668282 181340.458355526 166.490573378155 12943.0033934057 2020-03-26
87 2177420.9971598 69291.1288879226 646.080626165963 50226.3777702237 76965.4155558873 197129.002840198 172.548497426788 13413.9473629502 2020-03-27
88 2161672.66450773 71253.1167769169 687.728797414907 53464.1189358222 87472.3709821212 212877.335492274 177.434231973891 13793.765136049 2020-03-28
89 2146026.96519116 72771.7728302308 725.732448979691 56418.5335205976 98606.9960090284 228523.034808835 181.215983322339 14087.7590814288 2020-03-29
90 2130530.13921904 73884.2623126023 759.793562253513 59066.4537008489 110309.351205258 244019.860780961 183.986300268637 14303.1239571044 2020-03-30
91 2115215.17837186 74633.1259163073 789.759004764543 61395.9750894195 122515.961617649 259334.821628139 185.851117477863 14448.0951406216 2020-03-31
92 2100104.75538789 75062.6396567781 815.602244403537 63405.0352031553 135161.967507776 274445.244612112 186.920690910016 14531.2439476739 2020-04-01
93 2085213.86681798 75216.145382529 837.400597701605 65099.6447454762 148182.942456311 289336.133182017 187.302950266298 14560.9608502296 2020-04-02
94 2070552.05811316 75134.1900317397 855.312147383546 66492.0931775477 161516.346530167 303997.941886837 187.098865373156 14545.0952584974 2020-04-03
95 2056125.1872482 74853.4200589323 869.553605981174 67599.2278355179 175102.611251372 318424.812751803 186.399693087929 14490.741494938 2020-04-04
96 2041936.72345761 74406.1134251998 880.379975853784 68440.8727000983 188885.910441234 332613.276542385 185.285811862753 14404.1481930784 2020-04-05
97 2027988.68549003 73820.1064655593 888.067693515189 69038.5180361911 202814.622314706 346561.31450997 183.826539629922 14290.7041398915 2020-04-06
98 2014282.27059862 73119.0154587909 892.900988836779 69414.2599570632 216841.552996689 360267.729401379 182.080685554244 14154.9811691106 2020-04-07
99 2000818.24575896 72322.6398073813 895.161290061774 69589.9767700228 230923.976373571 373731.754241036 180.097554030146 14000.8122121231 2020-04-08
100 1987597.17994382 71447.4305180839 895.119711239519 69586.7449496372 245023.524877219 386952.820056179 177.91811129013 13831.3819902949 2020-04-09
101 1974619.55978325 70506.9824822598 893.031946085635 69424.4421866476 259105.983601753 399930.440216745 175.576211279353 13649.3223146539 2020-04-10
102 1961885.83051566 69512.508078204 889.135139405966 69121.5041728171 273141.02209391 412664.169484336 173.099775018273 13456.8037697276 2020-04-11
103 1949396.39590982 68473.2609051516 883.646402472377 68694.8091867027 287101.887595852 425153.604090177 170.511845783417 13255.617743462 2020-04-12
104 1937151.59342324 67396.9074733231 876.762464430009 68159.6509945657 300965.08564444 437398.406576758 167.831514688471 13047.2483820415 2020-04-13
105 1925151.65936669 66289.8419162436 868.660151572035 67529.7761097298 314710.06245577 449398.340633314 165.074704379665 12832.9335144916 2020-04-14
106 1913396.69325198 65157.4448068313 859.497459332719 66817.4671298702 328318.897351987 461153.30674802 162.25481353858 12613.7147564283 2020-04-15
107 1901886.62491538 64004.295227618 849.414909218557 66033.6482253667 341776.016722418 472663.37508462 159.383244978578 12390.4785643583 2020-04-16
108 1890621.18872175 62834.3295669975 838.537093106084 65188.0051934997 355067.93942465 483928.811278252 156.469801078602 12163.9869767641 2020-04-17
109 1879599.90215555 61650.9829831588 826.974298397824 64289.1117985535 368183.028764346 494950.097844455 153.523036056101 11934.9049998574 2020-04-18
110 1868822.05166358 60457.2899389067 814.82408374075 63344.5522685835 381111.282045195 505727.948336425 150.550506318454 11703.8200699378 2020-04-19
111 1858286.68554614 59255.9604082714 802.172795273423 62361.0391688445 393844.142081467 516263.314453855 147.558960232362 11471.2568060954 2020-04-20
112 1847992.61042516 58049.4413272702 789.096926741758 61344.5191375196 406374.332183314 526557.389574845 144.5544911483 11237.6889063557 2020-04-21
113 1837938.39255048 56839.9622660814 775.664365123801 60300.2697208803 418695.711097437 536611.607449521 141.542651133183 11003.5479892749 2020-04-22
114 1828122.36279969 55629.5693808751 761.93550602205 59232.9860841374 430803.146229279 546427.637200312 138.528535517081 10769.2301666153 2020-04-23
115 1818542.62413814 54420.151335399 747.964227315134 58146.8567033386 442692.40359581 556007.375861862 135.516847443053 10535.1010614587 2020-04-24
116 1809197.06101033 53213.458087555 733.798717236921 57045.6277404191 454360.054444462 565352.938989672 132.511944649402 10301.4994450673 2020-04-25
117 1800083.35153173 52011.1163568903 719.482272158692 55932.6650629587 465803.38477626 574466.648468267 129.517877986766 10068.7402312074 2020-04-26
118 1791198.97856498 50814.6401912074 705.053877157166 54810.9993776636 477020.327988991 583351.021435018 126.538417731046 9837.11652172139 2020-04-27
119 1782541.24229098 49625.4396049166 690.548711124129 53683.3654976946 488009.403895285 592008.75770902 123.577075094596 9606.90127881063 2020-04-28
120 1774107.27510143 48444.8254430934 675.998657380109 52552.2420378809 498769.658760218 600442.724898571 120.637114338684 9378.34826666002 2020-04-29
121 1765894.05452676 47274.015535054 661.432672723822 51419.8801046997 509300.617160768 608655.945473244 117.721568097095 9151.69324269781 2020-04-30
122 1757898.41662491 46114.1394602066 646.877104399936 50288.327937416 519602.238873073 616651.583375095 114.833249244044 8927.15488020822 2020-05-01
123 1750117.06977141 44966.2414020006 632.355978350745 49159.4533168256 529674.879531417 624432.930228594 111.97475800106 8704.93532082259 2020-05-02
124 1742546.60736932 43831.2834447551 617.891218630717 48034.9606225864 539519.257344706 632003.392630678 109.148490146743 8485.22081274642 2020-05-03
125 1735183.52121995 42710.148615465 603.502856679332 46916.4071021313 549136.420205771 639366.478780046 106.356644591452 8268.18229961738 2020-05-04
126 1728024.213875 41603.643590224 589.209198357876 45805.215856141 558527.717480281 646525.786125003 103.601230116832 8053.97594443689 2020-05-05
127 1721065.01050185 40512.501555468 575.026964490621 44702.6867642437 567694.774213944 653484.989498146 100.884072500871 7842.74368347325 2020-05-06
128 1714302.17043562 39437.3847672911 560.971416451265 43610.0062481288 576639.467132511 660247.829564381 98.2068208910974 7634.613721715 2020-05-07
129 1707731.89816311 38378.8872030847 547.056464023108 42528.2556566186 585363.902513168 666818.101836894 95.5709544076816 7429.70104619717 2020-05-08
130 1701350.35374402 37337.5372787976 533.294759048531 41458.4185459957 593870.395672134 673199.646255975 92.977788909947 7228.10795203076 2020-05-09
131 1695153.66270584 36313.8005397291 519.697778773125 40401.3871591918 602161.451816462 679396.337294156 90.4284836969725 7029.92456330874 2020-05-10
132 1689137.92538149 35308.0823820375 506.275900085091 39357.9681971726 610239.748139213 685412.074618507 87.9240482846815 6835.22935995796 2020-05-11
